354
876
123
987
543
209
756
342
675
980
234
789
567
321
876
456
234
987
123
543
765
987
234
543
876
987
123
654
345
789
987
234
876
543
345
876
234
987
543
123
987
234
876
543
123
876
234
987
345
654
876
234
987
543
123
987
234
567
876
234
987
543
123
876
234
987
345
654
876
234
987
543
123
987
234
567
876
234
987
543
123
876
234
987
345
654
876
234
987
543
123
987
234
567
876
234
987
543
123
876
234
987
345
654
876
234
987
543
123
987
234
567
876
234
987
543
123
876
234
987
345
654
876
234
987
543
123
987
234
567
876
234
987
543
123
876
234
987
345
654
876
234
987
543
123
987
234
567
876
234
987
543
123
876
234
987
345
654
876
234
987
543
123
987
234
567
876
234
987
543
123
876
234
987
345
654
876
234
987
543
123
987
234
567
876
234
987
543
123
876
234
987
345
654
876
234
987
543
123
987
234
567
876
234
987
543
123
876
234
987
345
654
876
234
987
543
123
987
234
567
876
234
987
543
123
876
234
987
345
654
876
234
987
543
123
987
234
567
876
234
987
543
123
876
234
987
345
654
876
234
987
543
123
987
234
567
876
234
987
543
123
876
234
987
345
654
876
234
987
543
123
987
234
567
876
234
987
543
123
876
234
987
345
654
876
234
987
543
123
987
234
567
876
234
987
543
123
876
234
987
345
654
876
234
987
543
123
987
234
567
876
234
987
543
123
876
234
987
345
654
876
234
987
543
123
987
234
567
876
234
987
543
123
876
234
987
345
654
876
234
987
543
123
987
234
567
876
234
987
543
123
876
234
987
345
654
876
234
987
543
123
987
234
567
876
234
987
543
123
876
234
987
345
654
876
234
987
543
123
987
234
567
876
234
987
543
123
876
234
987
345
654
876
234
987
543
123
987
234
567
876
234
987
543
123
876
234
987
345
654
876
234
987
543
123
987
234
567
876
234
987
543
123
876
234
987
345
654
876
234
987
543
123
987
234
567
876
234
987
543
123
876
234
987
345
654
876
234
987
543
123
987
234
567
876
234
987
543
123
876
234
987
345
654
876
234
987
543
123
987
234
567
876
234
987
543
123
876
234
987
345
654
876
234
987
543
123
987
234
567
876
234
987
543
123
876
234
987
345
654
876
234
987
543
123
987
234
567
876
234
987
543
123
876
234
987
345
654
876
234
987
543
123
987
234
567
876
234
987
543
123
876
234
987
345
654
876
234
987
543
123
987
234
567
876
234
987
543
123
876
234
987
345
654
876
234
987
543
123
987
234
567
876
234
987
543
123
876
234
987
345
654
876
234
987
543
123
987
234
567
876
234
987
543
123
876
234
987
345
654
876
234
987
543
123
987
234
567
876
234
987
543
123
876
234
987
345
654
876
234
987
543
123
987
234
567
876
234
987
543
123
876
234
987
345
654
876
234
987
543
123
987
234
567
876
234
987
543
123
876
234
987
345
654
876
234
987
543
123
987
234
567
876
234
987
543
123
876
234
987
345
654
876